1	-
2	-
3	-
4	-
5	-
6	-
7	-
8	-
9	-
10	-
11	1
12	2
13	3
14	4
15	5
16	6
17	7
18	8
19	9
20	10
21	11
22	12
23	13
24	14
25	15
26	16
27	17
28	18
29	19
30	20
31	21
32	22
33	23
34	24
35	25
36	26
37	27
38	28
39	29
40	30
41	31
42	32
43	33
44	34
45	35
46	36
47	37
48	38
49	39
50	40
51	41
52	42
53	43
54	44
55	45
56	46
57	47
58	48
59	49
60	50
61	51
62	52
63	53
64	54
65	55
66	56
67	57
68	58
69	59
70	60
71	61
72	62
73	63
74	64
75	65
76	66
77	67
78	68
79	69
80	70
81	71
82	72
83	73
84	74
85	75
86	76
87	77
88	78
89	79
90	80
91	81
92	82
93	83
94	84
95	85
96	86
97	87
98	88
99	89
100	90
101	91
102	92
103	93
104	94
105	95
106	96
107	97
108	98
109	99
110	100
111	101
112	102
113	103
114	104
115	105
116	106
117	107
118	108
119	109
120	110
121	111
122	112
123	113
124	114
125	115
126	116
127	117
128	118
-	119
129	120
130	121
131	122
132	123
133	124
134	125
135	126
136	127
137	128
138	129
139	130
140	131
141	132
142	133
143	134
144	135
145	136
146	137
147	138
148	139
149	140
150	141
151	142
152	143
153	144
154	145
155	146
156	147
157	148
158	149
-	150
-	151
159	152
160	153
161	154
162	155
163	156
164	157
165	158
166	159
167	160
168	161
169	162
170	163
171	164
172	165
173	166
174	167
175	168
176	169
177	170
178	171
179	172
180	173
181	174
182	175
183	176
184	177
185	178
186	179
187	180
188	181
189	182
190	183
191	184
192	185
193	186
194	187
195	188
196	189
197	190
198	191
199	192
200	193
201	194
202	195
203	196
204	197
205	198
206	199
207	200
208	201
209	202
210	203
211	204
212	205
213	206
214	207
215	208
216	209
217	210
218	211
219	212
220	213
221	214
222	215
223	216
224	217
225	218
226	219
227	220
228	221
229	222
230	223
231	224
232	225
233	226
234	227
235	228
236	229
237	230
238	231
239	232
240	233
241	234
242	235
243	236
244	237
245	238
246	239
247	240
248	241
249	242
250	243
251	244
252	245
253	246
254	247
255	248
256	249
257	250
258	251
259	252
260	253
261	254
262	255
263	256
264	257
265	258
266	259
267	260
268	261
269	-
270	262
271	263
272	264
273	265
274	266
275	267
-	268
276	269
277	270
278	271
279	272
280	273
281	274
282	275
283	276
284	277
285	278
286	279
287	280
288	281
289	282
290	283
291	284
292	285
293	286
294	287
295	288
296	289
297	290
298	291
299	292
300	293
301	294
302	295
303	296
304	297
305	298
306	299
307	300
308	301
309	302
310	303
311	304
312	305
313	306
314	307
315	308
316	309
317	310
318	311
319	312
320	313
321	314
322	315
323	316
324	317
325	318
326	-
327	-
328	-
