82	-
83	81
84	82
85	83
86	84
87	85
88	86
89	87
90	88
91	89
92	90
93	91
94	92
95	93
96	94
97	95
98	96
99	97
100	98
101	99
102	100
103	101
104	102
105	103
106	104
107	105
108	106
109	107
110	108
111	109
112	110
113	111
114	112
115	113
116	114
117	115
118	116
119	117
120	118
121	119
122	120
123	121
124	122
125	123
126	124
127	125
128	126
129	127
130	128
131	129
132	130
133	131
134	132
135	133
136	134
137	135
138	136
139	137
140	138
141	139
142	140
143	141
144	142
145	143
146	144
147	145
148	146
149	147
150	148
151	149
152	150
153	151
154	152
155	153
156	154
157	155
158	156
159	157
160	158
161	159
162	160
163	161
164	162
165	163
166	164
167	165
168	166
169	167
170	168
-	169
171	170
172	171
173	172
174	173
175	174
176	175
177	176
178	177
179	178
180	179
181	180
182	181
183	182
184	183
185	184
186	185
187	186
188	187
189	188
190	189
191	190
192	191
193	192
194	193
195	194
196	195
197	196
198	197
199	198
200	199
201	200
202	201
203	202
204	203
205	204
206	205
207	206
208	207
209	208
210	209
211	210
212	211
213	212
214	213
215	214
216	215
217	216
218	217
219	218
220	219
221	220
222	221
223	222
224	223
225	224
226	225
227	226
228	227
229	228
230	229
231	230
232	231
233	232
234	233
235	234
236	235
237	236
238	237
239	238
240	239
241	240
242	241
243	242
244	243
245	244
246	245
247	246
248	247
249	248
250	249
251	250
252	251
253	252
254	253
255	254
256	255
257	256
258	257
259	258
260	259
261	260
262	261
263	262
264	263
265	264
266	265
267	266
268	267
269	268
270	269
271	270
272	271
273	272
274	273
275	274
276	275
277	276
278	277
279	278
280	279
281	280
282	281
283	282
284	283
285	284
286	285
287	286
288	287
289	288
290	289
291	290
292	291
293	292
294	293
295	294
296	295
297	296
298	297
299	298
300	299
301	300
302	301
303	302
304	303
305	304
306	305
307	306
308	307
309	308
310	309
311	310
312	311
313	312
314	313
315	314
316	315
317	316
318	317
319	318
320	319
321	320
322	321
323	322
324	323
325	324
326	325
327	326
328	327
329	328
330	329
331	-
332	330
333	331
334	332
335	333
336	334
337	335
338	336
339	337
340	338
341	339
342	340
343	341
344	342
345	343
-	344
346	345
347	346
348	347
349	348
350	349
351	350
352	351
353	352
354	353
355	354
356	355
357	356
358	357
359	358
360	359
361	360
362	361
363	362
364	363
365	364
366	365
367	366
368	367
369	368
370	369
371	370
372	371
373	372
374	373
375	374
376	375
377	376
378	377
379	378
380	379
381	380
382	381
383	382
384	383
385	384
386	385
387	386
388	387
389	-
390	388
391	389
392	390
393	391
394	392
395	393
396	394
397	395
398	396
399	397
400	398
401	399
402	400
403	401
404	402
405	403
406	404
407	405
408	406
409	407
410	408
411	409
412	410
413	411
-	412
414	413
-	414
-	415
415	416
416	417
417	418
418	419
419	420
420	421
421	422
422	423
423	424
424	425
425	426
426	427
427	428
428	429
429	430
430	431
431	432
432	433
433	434
434	435
-	436
435	437
436	438
437	439
438	440
439	441
440	442
441	443
442	444
443	445
444	446
445	447
446	448
447	449
448	450
449	451
450	452
451	453
452	454
453	455
454	456
455	457
456	458
457	459
458	460
459	461
460	462
461	463
462	464
463	465
464	466
465	467
466	468
467	469
468	-
469	470