83	-
84	81
85	82
86	83
87	84
88	85
89	86
90	87
91	88
92	89
93	90
94	91
95	92
96	93
97	94
98	95
99	96
100	97
101	98
102	99
103	100
104	101
105	102
106	103
107	104
108	105
109	106
110	107
111	108
112	109
113	110
114	111
115	112
116	113
117	114
118	115
119	116
120	117
121	118
122	119
123	120
124	121
125	122
126	123
127	124
128	125
129	126
130	127
131	128
132	129
133	130
134	131
135	132
136	133
137	134
138	135
139	136
140	137
141	138
142	139
143	140
144	141
145	142
146	143
147	144
148	145
149	146
150	147
151	148
152	149
153	150
154	151
155	152
156	153
157	154
158	155
159	156
160	157
161	158
162	159
163	160
164	161
165	162
166	163
167	164
168	165
169	166
170	167
171	168
172	169
173	170
174	171
175	172
176	173
177	174
178	175
179	176
180	177
181	178
182	179
183	180
184	181
185	182
186	183
187	184
188	185
189	186
190	187
191	188
192	189
193	190
194	191
195	192
196	193
197	194
198	195
199	196
200	197
201	198
202	199
203	200
204	201
205	202
206	203
207	204
208	205
209	206
210	207
211	208
212	209
213	210
214	211
215	212
216	213
217	214
218	215
219	216
220	217
221	218
222	219
223	220
224	221
225	222
226	223
227	224
228	225
229	226
230	227
231	228
232	229
233	230
234	231
235	232
236	233
237	234
238	235
239	236
240	237
241	238
242	239
243	240
244	241
245	242
246	243
247	244
248	245
249	246
250	247
251	248
252	249
253	250
254	251
255	252
256	253
257	254
258	255
259	256
260	257
261	258
262	259
263	260
264	261
265	262
266	263
267	264
268	265
269	266
270	267
271	268
272	-
273	269
274	270
275	271
276	272
277	273
278	274
279	275
280	276
281	277
282	278
283	279
284	280
285	281
286	282
287	283
-	284
288	285
289	286
290	287
291	288
292	289
293	290
294	291
295	292
296	293
297	294
298	295
299	296
300	297
301	298
302	299
303	300
304	301
305	302
306	303
307	304
308	305
309	306
-	307
310	308
311	309
312	310
313	311
314	312
315	313
316	314
317	315
318	316
319	317
320	318
321	319
322	320
323	321
324	322
325	323
326	324
327	325
328	326
329	327
330	328
331	329
332	330
333	331
334	332
335	333
336	334
337	335
338	336
339	337
340	338
341	339
342	340
343	341
344	342
345	343
-	344
346	345
347	346
348	347
349	348
350	349
351	350
352	351
353	352
354	353
355	354
356	355
357	356
358	357
359	358
360	359
361	360
362	361
363	362
364	363
365	364
366	365
367	366
368	367
369	368
370	369
371	370
372	371
373	372
374	373
375	374
376	375
377	376
378	377
379	378
380	379
381	380
382	381
383	382
384	383
385	384
386	385
387	386
388	-
389	387
390	388
391	389
392	390
393	391
394	392
395	393
396	394
397	395
398	396
399	397
400	398
401	399
402	400
403	401
404	402
405	403
406	404
407	405
408	406
409	407
410	408
411	409
412	410
413	411
-	412
414	413
415	414
-	415
-	416
416	417
417	418
418	419
419	420
420	421
421	422
422	423
423	424
424	425
425	426
426	427
427	428
428	429
429	430
430	431
431	432
432	433
433	434
434	435
435	436
436	437
437	438
438	439
439	440
440	441
441	442
442	443
443	444
444	445
445	446
446	447
447	448
448	449
449	450
450	451
451	452
452	453
453	454
454	455
455	456
456	457
457	458
458	459
459	460
460	461
461	462
462	463
463	464
464	465
465	466
466	467
467	468
468	469
469	-
470	470