83	-
84	81
85	82
86	83
87	84
88	85
89	86
90	87
91	88
92	89
93	90
94	91
95	92
96	93
97	94
98	95
99	96
100	97
101	98
102	99
103	100
104	101
105	102
106	103
107	104
108	105
109	106
110	107
111	108
112	109
113	110
114	111
115	112
116	113
117	114
118	115
119	116
120	117
121	118
122	119
123	120
124	121
125	122
126	123
127	124
128	125
129	126
130	127
131	128
132	129
133	130
134	131
135	132
136	133
137	134
138	135
139	136
140	137
141	138
142	139
143	140
144	141
145	142
146	143
147	144
148	145
149	146
150	147
151	148
152	149
153	150
154	151
155	152
156	153
157	154
158	155
159	156
160	157
161	158
162	159
163	160
164	161
165	162
166	163
167	164
168	165
169	166
170	167
171	168
172	169
173	170
174	171
175	172
176	173
177	174
178	175
179	176
180	177
181	178
182	179
183	180
184	181
185	182
186	183
187	184
188	185
189	186
190	187
191	188
192	189
193	190
194	191
195	192
196	193
197	194
198	195
199	196
200	197
201	198
202	199
203	200
204	201
205	202
206	203
207	204
208	205
209	206
210	207
211	208
212	209
213	210
214	211
215	212
216	213
217	214
218	215
219	216
220	217
221	218
222	219
223	220
224	221
225	222
226	223
227	224
228	225
229	226
230	227
231	228
232	229
233	230
234	231
235	232
236	233
237	234
238	235
239	236
240	237
241	238
242	239
243	240
244	241
245	242
246	243
247	244
248	245
249	246
250	247
251	248
252	249
253	250
254	251
255	252
256	253
257	254
258	255
259	256
260	257
261	258
262	259
263	260
264	261
265	262
266	263
267	264
268	265
269	266
270	267
271	268
272	269
273	270
274	-
275	271
276	272
277	273
278	274
279	275
280	276
281	277
282	278
283	279
284	280
285	281
286	282
287	283
-	284
288	285
289	286
290	287
291	288
292	289
293	290
294	291
295	292
296	293
297	294
298	295
299	296
300	297
301	298
302	299
303	300
304	301
305	302
306	303
307	304
308	305
309	306
310	307
311	308
312	309
313	310
314	311
315	312
316	313
317	314
318	315
319	316
320	317
321	318
322	319
323	320
324	321
325	322
326	323
327	324
328	325
329	326
330	327
331	328
332	329
-	330
333	331
334	332
335	333
336	334
337	335
338	336
339	337
340	338
341	339
342	340
343	341
344	342
345	-
346	343
347	344
348	345
349	346
350	347
351	348
352	349
353	350
354	351
355	352
356	353
357	354
358	355
359	356
360	357
361	358
362	359
363	360
364	361
365	362
366	363
367	364
368	365
369	366
370	367
371	368
372	369
373	370
374	371
375	372
376	373
377	374
378	375
379	376
380	377
381	378
382	379
383	380
384	381
385	382
386	383
387	-
388	384
389	385
390	386
391	387
392	388
393	389
394	390
395	391
396	392
397	393
398	394
399	395
400	396
401	397
402	398
403	399
404	400
405	401
406	402
407	403
408	404
409	405
410	406
411	407
412	408
413	409
414	410
-	411
-	412
-	413
-	414
415	415
416	416
417	417
418	418
419	419
420	420
421	421
422	422
423	423
424	424
425	425
426	426
427	427
428	428
429	429
430	430
431	431
432	432
433	-
434	-
435	433
436	434
437	435
438	436
439	437
440	438
441	439
442	440
443	441
444	442
445	443
446	444
447	445
448	446
449	447
450	448
451	449
452	450
453	451
454	452
455	453
456	454
457	455
458	456
459	457
460	458
461	459
462	460
463	461
464	462
465	463
466	464
467	-
468	465
469	466
470	467