79	83
80	84
81	85
82	86
83	87
84	88
85	89
86	90
87	91
88	92
89	93
90	94
91	95
92	96
93	97
94	98
95	99
96	100
97	101
98	102
99	103
100	104
101	105
102	106
103	107
104	108
105	109
106	110
107	111
108	112
109	113
110	114
111	115
112	116
113	117
114	118
115	119
116	120
117	121
118	122
119	123
120	124
121	125
122	126
123	127
124	128
125	129
126	130
127	131
128	132
129	133
130	134
131	135
132	136
133	137
134	138
135	139
136	140
137	141
138	142
139	143
140	144
141	145
142	146
143	147
144	148
145	149
146	150
147	151
148	152
149	153
150	154
151	155
152	156
153	157
154	158
155	159
156	160
157	161
158	162
159	163
160	164
161	165
162	166
163	167
164	168
165	169
166	170
167	171
168	172
169	173
170	174
171	175
172	176
173	177
174	178
175	179
176	180
177	181
178	182
179	183
180	184
181	185
182	186
183	187
184	188
185	189
186	190
187	191
188	192
189	193
190	194
191	195
192	196
193	197
194	198
195	199
196	200
197	201
198	202
199	203
200	204
201	205
202	206
203	207
204	208
205	209
206	210
207	211
208	212
209	213
210	214
211	215
212	216
213	217
214	218
215	219
216	220
217	221
218	222
219	223
220	224
221	225
222	226
223	227
224	228
225	229
226	230
227	231
228	232
229	233
230	234
231	235
232	236
233	237
234	238
235	239
236	240
237	241
238	242
239	243
240	244
241	245
242	246
243	247
244	248
245	249
246	250
247	251
248	252
249	253
250	254
251	255
252	256
253	257
254	258
255	259
256	260
257	261
258	262
259	263
260	264
261	265
262	266
263	267
264	268
265	269
266	270
267	271
268	272
269	273
-	274
270	275
271	276
272	277
273	278
274	279
275	280
276	281
277	282
278	283
279	284
280	285
281	286
282	287
283	-
284	288
285	289
286	290
287	291
288	292
289	293
290	294
291	295
292	296
293	297
294	298
295	299
296	300
297	301
298	302
299	303
300	304
301	305
302	306
303	307
304	308
305	309
306	310
307	311
308	312
309	313
310	314
311	315
312	316
313	317
314	318
315	319
316	320
317	321
318	322
319	323
320	324
321	325
322	326
323	327
324	328
325	329
326	330
327	331
328	332
329	-
330	333
331	334
332	335
333	336
334	337
335	338
336	339
337	340
338	341
339	342
340	343
341	-
342	-
343	344
344	345
345	346
346	347
347	348
348	349
349	350
350	351
351	352
352	353
353	354
354	355
355	356
356	357
357	358
358	359
359	360
360	361
361	362
362	363
363	364
364	365
365	366
366	367
367	368
368	369
369	370
370	371
371	372
372	373
373	374
374	375
375	376
376	377
377	378
378	379
379	380
380	381
381	382
382	383
383	384
384	385
385	386
-	387
386	388
387	389
388	390
389	391
390	392
391	393
392	394
393	395
394	396
395	397
396	398
397	399
398	400
399	401
400	402
401	403
402	404
403	405
404	406
405	407
406	408
407	409
408	410
409	411
410	412
411	413
412	-
413	-
414	-
415	414
416	-
417	415
418	416
419	417
420	418
421	419
422	420
423	421
424	422
425	423
426	424
427	425
428	426
429	427
430	428
431	429
432	430
433	431
434	432
-	433
435	434
436	435
437	436
438	437
439	438
440	439
441	440
442	441
443	442
444	443
445	444
446	445
447	446
448	447
449	448
450	449
451	450
452	451
453	452
454	453
455	454
456	455
457	456
458	457
459	458
460	459
461	460
462	461
463	462
464	463
465	464
466	465
467	466
468	467
469	468
470	469
471	470
472	-