79	82
80	83
81	84
82	85
83	86
84	87
85	88
86	89
87	90
88	91
89	92
90	93
91	94
92	95
93	96
94	97
95	98
96	99
97	100
98	101
99	102
100	103
101	104
102	105
103	106
104	107
105	108
106	109
107	110
108	111
109	112
110	113
111	114
112	115
113	116
114	117
115	118
116	119
117	120
118	121
119	122
120	123
121	124
122	125
123	126
124	127
125	128
126	129
127	130
128	131
129	132
130	133
131	134
132	135
133	136
134	137
135	138
136	139
137	140
138	141
139	142
140	143
141	144
142	145
143	146
144	147
145	148
146	149
147	150
148	151
149	152
150	153
151	154
152	155
153	156
154	157
155	158
156	159
157	160
158	161
159	162
160	163
161	164
162	165
163	166
164	167
165	168
166	169
167	170
168	-
169	171
170	172
171	173
172	174
173	175
174	176
175	177
176	178
177	179
178	180
179	181
180	182
181	183
182	184
183	185
184	186
185	187
186	188
187	189
188	190
189	191
190	192
191	193
192	194
193	195
194	196
195	197
196	198
197	199
198	200
199	201
200	202
201	203
202	204
203	205
204	206
205	207
206	208
207	209
208	210
209	211
210	212
211	213
212	214
213	215
214	216
215	217
216	218
217	219
218	220
219	221
220	222
221	223
222	224
223	225
224	226
225	227
226	228
227	229
228	230
229	231
230	232
231	233
232	234
233	235
234	236
235	237
236	238
237	239
238	240
239	241
240	242
241	243
242	244
243	245
244	246
245	247
246	248
247	249
248	250
249	251
250	252
251	253
252	254
253	255
254	256
255	257
256	258
257	259
258	260
259	261
260	262
261	263
262	264
263	265
264	266
265	267
266	268
267	269
268	270
269	271
270	272
271	273
272	274
273	275
274	276
275	277
276	278
277	279
278	280
279	281
280	282
281	283
282	284
283	285
284	286
285	287
286	288
287	289
288	290
289	291
290	292
291	293
292	294
293	295
294	296
295	297
296	298
297	299
298	300
299	301
300	302
301	303
302	304
303	305
304	306
305	307
-	308
306	309
307	310
308	311
309	312
310	313
311	314
312	315
313	316
314	317
315	318
316	319
317	320
318	321
319	322
320	323
321	324
322	325
323	326
324	327
325	328
326	329
327	330
328	331
329	332
330	333
331	334
332	335
333	336
334	337
335	338
336	339
337	340
338	341
339	342
340	343
341	-
342	-
343	344
344	345
345	346
346	347
347	348
348	349
349	350
350	351
351	352
352	353
353	354
354	355
355	356
356	357
357	358
358	359
359	360
360	361
361	362
362	363
363	364
364	365
365	366
366	367
367	368
368	369
369	370
370	371
371	372
372	373
373	374
374	375
375	376
376	377
377	378
378	379
379	380
380	381
381	382
382	383
383	384
384	385
385	386
-	387
386	388
387	389
388	390
389	391
390	392
391	393
392	394
393	395
394	396
395	397
396	398
397	399
398	400
399	401
400	402
401	403
402	404
403	405
404	406
405	407
406	408
407	409
408	410
409	411
410	412
411	413
412	-
413	-
414	-
415	414
416	415
417	416
418	-
419	417
420	418
421	419
422	420
423	421
424	422
425	423
426	424
427	425
428	426
429	427
430	428
431	429
432	430
433	431
434	432
435	433
436	434
437	435
438	436
439	437
440	438
441	439
442	440
443	441
444	442
445	443
446	444
447	445
448	446
449	447
450	448
451	449
452	450
453	451
454	452
455	453
456	454
457	455
458	456
459	457
460	458
461	459
462	460
463	461
464	462
465	463
466	464
467	465
468	466
469	467
470	468
471	469
472	-