82	81
83	82
84	83
85	84
86	85
87	86
88	87
89	88
90	89
91	90
92	91
93	92
94	93
95	94
96	95
97	96
98	97
99	98
100	99
101	100
102	101
103	102
104	103
105	104
106	105
107	106
108	107
109	108
110	109
111	110
112	111
113	112
114	113
115	114
116	115
117	116
118	117
119	118
120	119
121	120
122	121
123	122
124	123
125	124
126	125
127	126
128	127
129	128
130	129
131	130
132	131
133	132
134	133
135	134
136	135
137	136
138	137
139	138
140	139
141	140
142	141
143	142
144	143
145	144
146	145
147	146
148	147
149	148
150	149
151	150
152	151
153	152
154	153
155	154
156	155
157	156
158	157
159	158
160	159
161	160
162	161
163	162
164	163
165	164
166	165
167	166
168	167
169	168
170	169
171	170
172	171
173	172
174	173
175	174
176	175
177	176
178	177
179	178
180	179
181	180
182	181
183	182
184	183
185	184
186	185
187	186
188	187
189	188
190	189
191	190
192	191
193	192
194	193
195	194
196	195
197	196
198	197
199	198
200	199
201	200
202	201
203	202
204	203
205	204
206	205
207	206
208	207
209	208
210	209
211	210
212	211
213	212
214	213
215	214
216	215
217	216
218	217
219	218
220	219
221	220
222	221
223	222
224	223
225	224
226	225
227	226
228	227
229	228
230	229
231	230
232	231
233	232
234	233
235	234
236	235
237	236
238	237
239	238
240	239
241	240
242	241
243	242
244	243
245	244
246	245
247	246
248	247
249	248
250	249
251	250
252	251
253	252
254	253
255	254
256	255
257	256
258	257
259	258
260	259
261	260
262	261
263	262
264	263
265	264
266	265
267	266
268	267
269	268
270	269
271	270
272	271
273	272
274	273
275	274
276	275
277	276
278	277
279	278
280	279
281	280
282	281
283	282
284	283
285	284
286	285
287	286
288	287
289	288
290	289
291	290
292	291
293	292
294	293
295	294
296	295
297	296
298	297
299	298
300	299
301	300
302	301
303	302
304	303
305	304
306	305
307	306
308	-
309	307
310	308
311	309
312	310
313	311
314	312
315	313
316	314
317	315
318	316
319	317
320	318
321	319
322	320
323	321
324	322
325	323
326	324
327	325
328	326
329	327
330	328
331	329
332	330
333	-
334	331
335	332
336	333
337	334
338	335
339	336
340	337
341	338
342	339
343	340
344	341
345	342
346	343
347	344
348	345
349	346
350	347
351	348
352	349
353	350
354	351
355	352
356	353
357	354
358	355
359	356
360	357
361	358
362	359
363	360
364	361
365	362
366	363
367	364
368	365
369	366
370	367
371	368
372	369
373	370
374	371
375	372
376	373
377	374
378	375
379	376
380	377
381	378
382	379
383	380
384	381
385	382
386	383
387	384
388	385
389	386
390	387
391	388
392	389
393	390
394	391
395	392
396	393
397	394
398	395
399	396
400	397
401	398
402	399
403	400
404	401
405	402
406	403
407	404
408	405
409	406
410	407
411	408
412	409
413	410
-	411
-	412
414	413
415	414
416	415
417	416
418	417
419	418
420	419
421	420
422	421
423	422
424	423
425	424
426	425
427	426
428	427
429	428
430	429
431	430
432	431
433	432
434	433
435	434
436	435
437	-
438	436
439	437
440	438
441	439
442	440
443	441
444	442
445	443
446	444
447	445
448	446
449	447
450	448
451	449
452	450
453	451
454	452
455	453
456	454
457	455
458	456
459	457
460	458
461	459
462	460
463	461
464	462
465	463
466	464
467	465
468	466
469	467
470	468