83	-
84	83
85	84
86	85
87	86
88	87
89	88
90	89
91	90
92	91
93	92
94	93
95	94
96	95
97	96
98	97
99	98
100	99
101	100
102	101
103	102
104	103
105	104
106	105
107	106
108	107
109	108
110	109
111	110
112	111
113	112
114	113
115	114
116	115
117	116
118	117
119	118
120	119
121	120
122	121
123	122
124	123
125	124
126	125
127	126
128	127
129	128
130	129
131	130
132	131
133	132
134	133
135	134
136	135
137	136
138	137
139	138
140	139
141	140
142	141
143	142
144	143
145	144
146	145
147	146
148	147
149	148
150	149
151	150
152	151
153	152
154	153
155	154
156	155
157	156
158	157
159	158
160	159
161	160
162	161
163	162
164	163
165	164
166	165
167	166
168	167
169	168
170	169
171	170
172	171
173	172
174	173
175	174
176	175
177	176
178	177
179	178
180	179
181	180
182	181
183	182
184	183
185	184
186	185
187	186
188	187
189	188
190	189
191	190
192	191
193	192
194	193
195	194
196	195
197	196
198	197
199	198
200	199
201	200
202	201
203	202
204	203
205	204
206	205
207	206
208	207
209	208
210	209
211	210
212	211
213	212
214	213
215	214
216	215
217	216
218	217
219	218
220	219
221	220
222	221
223	222
224	223
225	224
226	225
227	226
228	227
229	228
230	229
231	230
232	231
233	232
234	233
235	234
236	235
237	236
238	237
239	238
240	239
241	240
242	241
243	242
244	243
245	244
246	245
247	246
248	247
249	248
250	249
251	250
252	251
253	252
254	253
255	254
256	255
257	256
258	257
259	258
260	259
261	260
262	261
263	262
264	263
265	264
266	265
267	266
268	267
269	268
270	269
271	270
272	271
273	272
274	273
275	274
276	275
277	276
278	277
279	278
280	279
281	280
282	281
283	282
284	283
285	284
286	285
287	286
288	287
289	288
290	289
291	290
292	291
293	292
294	293
295	294
296	295
297	296
298	297
299	298
300	299
301	300
302	301
303	302
304	303
305	304
306	305
307	306
308	307
309	308
310	-
311	309
312	310
313	311
314	312
315	313
316	314
317	315
318	316
319	317
320	318
321	319
322	320
323	321
324	322
325	323
326	324
327	325
328	326
329	327
330	328
331	329
332	330
333	331
334	-
335	332
336	333
337	334
338	335
339	-
340	336
341	337
342	338
343	339
344	340
345	341
346	342
347	343
348	344
349	345
350	346
351	347
352	348
353	349
354	350
355	351
356	352
357	353
358	354
359	355
360	356
361	357
362	358
363	359
364	360
365	361
366	362
367	363
368	364
369	365
370	366
371	367
372	368
373	369
374	370
375	371
376	372
377	373
378	374
379	375
380	376
381	377
382	378
383	379
384	380
385	381
386	382
387	383
388	384
389	385
390	386
391	387
392	388
393	389
394	390
395	391
396	392
397	393
398	394
399	395
400	396
401	397
402	398
403	399
404	400
405	401
406	402
407	403
408	404
409	405
410	406
411	407
412	408
413	409
-	410
-	411
414	412
415	413
416	414
417	415
418	416
419	417
420	418
421	419
422	420
423	421
424	422
425	423
426	424
427	425
428	426
429	427
430	428
431	429
432	430
433	431
434	432
435	433
436	434
437	-
438	435
439	436
440	437
441	438
442	439
443	440
444	441
445	442
446	443
447	444
448	445
449	446
450	447
451	448
452	449
453	450
454	451
455	452
456	453
457	454
458	455
459	456
460	457
461	458
462	459
463	460
464	461
465	462
466	463
467	464
468	465
469	466
470	467