83	-
84	81
85	82
86	83
87	84
88	85
89	86
90	87
91	88
92	89
93	90
94	91
95	92
96	93
97	94
98	95
99	96
100	97
101	98
102	99
103	100
104	101
105	102
106	103
107	104
108	105
109	106
110	107
111	108
112	109
113	110
114	111
115	112
116	113
117	114
118	115
119	116
120	117
121	118
122	119
123	120
124	121
125	122
126	123
127	124
128	125
129	126
130	127
131	128
132	129
133	130
134	131
135	132
136	133
137	134
138	135
139	136
140	137
141	138
142	139
143	140
144	141
145	142
146	143
147	144
148	145
149	146
150	147
151	148
152	149
153	150
154	151
155	152
156	153
157	154
158	155
159	156
160	157
161	158
162	159
163	160
164	161
165	162
166	163
167	164
168	165
169	166
170	167
171	168
172	169
173	170
174	171
175	172
176	173
177	174
178	175
179	176
180	177
181	178
182	179
183	180
184	181
185	182
186	183
187	184
188	185
189	186
190	187
191	188
192	189
193	190
194	191
195	192
196	193
197	194
198	195
199	196
200	197
201	198
202	199
203	200
204	201
205	202
206	203
207	204
208	205
209	206
210	207
211	208
212	209
213	210
214	211
215	212
216	213
217	214
218	215
219	216
220	217
221	218
222	219
223	220
224	221
225	222
226	223
227	224
228	225
229	226
230	227
231	228
232	229
233	230
234	231
235	232
236	233
237	234
238	235
239	236
240	237
241	238
242	239
243	240
244	241
245	242
246	243
247	244
248	245
249	246
250	247
251	248
252	249
253	250
254	251
255	252
256	253
257	254
258	255
259	256
260	257
261	258
262	259
263	260
264	261
265	262
266	263
267	264
268	265
269	266
270	267
271	268
272	269
273	270
274	271
275	272
276	273
277	274
278	275
279	276
280	277
281	278
282	279
283	280
284	281
285	282
286	283
287	284
288	285
289	286
290	287
291	288
292	289
293	290
294	291
295	292
296	293
297	294
298	295
299	296
300	297
301	298
302	299
303	300
304	301
305	302
306	303
307	304
308	305
309	306
310	-
311	307
312	308
313	309
314	310
315	311
316	312
317	313
318	314
319	315
320	316
321	317
322	318
323	319
324	320
325	321
326	322
327	323
328	324
329	325
330	326
331	327
332	328
-	329
333	330
334	331
335	332
336	333
337	334
338	335
339	336
340	337
341	338
342	339
343	340
344	341
345	342
346	343
347	-
348	344
349	345
350	346
351	347
352	348
353	349
354	350
355	351
356	352
357	353
358	354
359	355
360	356
361	357
362	358
363	359
364	360
365	361
366	362
367	363
368	364
369	365
370	366
371	367
372	368
373	369
374	370
375	371
376	372
377	373
378	374
379	375
380	376
381	377
382	378
383	379
384	380
385	381
386	382
387	383
388	384
389	385
390	386
391	387
392	388
393	389
394	390
395	391
396	392
397	393
398	394
399	395
400	396
401	397
402	398
403	399
404	400
405	401
406	402
407	403
408	404
409	405
410	406
411	407
412	408
413	409
-	410
414	411
415	412
-	413
416	414
417	415
418	416
419	417
420	418
421	419
422	420
423	421
424	422
425	423
426	424
427	425
428	426
429	427
430	428
431	429
432	430
433	431
434	432
435	433
436	-
437	434
438	435
439	436
440	437
441	438
442	439
443	440
444	441
445	442
446	443
447	444
448	445
449	446
450	447
451	448
452	449
453	450
454	451
455	452
456	453
457	454
458	455
459	456
460	457
461	458
462	459
463	460
464	461
465	462
466	463
467	464
468	465
469	466
470	467