83	-
84	81
85	82
86	83
87	84
88	85
89	86
90	87
91	88
92	89
93	90
94	91
95	92
96	93
97	94
98	95
99	96
100	97
101	98
102	99
103	100
104	101
105	102
106	103
107	104
108	105
109	106
110	107
111	108
112	109
113	110
114	111
115	112
116	113
117	114
118	115
119	116
120	117
121	118
122	119
123	120
124	121
125	122
126	123
127	124
128	125
129	126
130	127
131	128
132	129
133	130
134	131
135	132
136	133
137	134
138	135
139	136
140	137
141	138
142	139
143	140
144	141
145	142
146	143
147	144
148	145
149	146
150	147
151	148
152	149
153	150
154	151
155	152
156	153
157	154
158	155
159	156
160	157
161	158
162	159
163	160
164	161
165	162
166	163
167	164
168	165
169	166
170	167
171	168
172	169
173	170
174	171
175	172
176	173
177	174
178	175
179	176
180	177
181	178
182	179
183	180
184	181
185	182
186	183
187	184
188	185
189	186
190	187
191	188
192	189
193	190
194	191
195	192
196	193
197	194
198	195
199	196
200	197
201	198
202	199
203	200
204	201
205	202
206	203
207	204
208	205
209	206
210	207
211	208
212	209
213	210
214	211
215	212
216	213
217	214
218	215
219	216
220	217
221	218
222	219
223	220
224	221
225	222
226	223
227	224
228	225
229	226
230	227
231	228
232	229
233	230
234	231
235	232
236	233
237	234
238	235
239	236
240	237
241	238
242	239
243	240
244	241
245	242
246	243
247	244
248	245
249	246
250	247
251	248
252	249
253	250
254	251
255	252
256	253
257	254
258	255
259	256
260	257
261	258
262	259
263	260
264	261
265	262
266	263
267	264
268	265
269	266
270	267
271	268
272	269
273	270
274	271
275	272
276	273
277	274
278	275
279	276
280	277
281	278
282	279
283	280
284	281
285	282
286	283
287	284
288	285
289	286
290	287
291	288
292	289
293	290
294	291
295	292
296	293
297	294
298	295
299	296
300	297
301	298
302	299
303	300
304	301
305	302
306	303
307	304
308	305
309	306
310	307
311	308
312	309
313	310
314	311
315	312
316	313
317	314
318	315
319	316
320	317
321	318
322	319
323	320
324	321
325	322
326	323
327	324
328	325
329	326
330	327
331	328
332	329
333	330
334	331
335	332
336	333
337	334
338	335
339	336
340	337
341	338
342	339
343	340
344	341
345	342
-	343
346	344
347	345
348	346
349	347
350	348
351	349
352	350
353	351
354	352
355	353
356	354
357	355
358	356
359	357
360	358
361	359
362	360
363	361
364	362
365	363
366	364
367	365
368	366
369	367
370	368
371	369
372	370
373	371
374	372
375	373
376	374
377	375
378	376
379	377
380	378
381	379
382	380
383	381
384	382
385	383
386	384
387	385
388	386
389	387
390	388
391	389
392	390
393	391
394	392
395	393
396	394
397	395
398	396
399	397
400	398
401	399
402	400
403	401
404	402
405	403
406	404
407	405
408	406
409	407
410	408
411	409
412	410
413	411
414	412
415	413
-	414
416	415
417	416
418	417
419	418
420	419
421	420
422	421
423	422
424	423
425	424
426	425
427	426
428	427
429	428
430	429
431	430
432	431
433	432
434	433
435	434
436	435
-	436
437	437
438	438
439	439
440	440
441	441
442	442
443	443
444	444
445	445
446	446
447	447
448	448
449	449
450	450
451	451
452	452
453	453
454	454
455	455
456	456
457	457
458	458
459	459
460	460
461	461
462	462
463	463
464	464
465	465
466	466
467	467
468	468
469	469
470	470